2.000 1.000 530101.000 38.500 66.000 28.000 3.000 3.000 3.000 2.000 5.000 4.000 4.000 2.000 3.000 5.000 3.000 5.000 45.000 8.400 3.000 3.200 2.000 2.000 11300.000 0.000 0.000 2.000
1.000 1.000 534817.000 39.200 88.000 20.000 3.000 1.000 4.000 1.000 3.000 4.000 2.000 1.000 1.000 2.000 4.000 2.000 50.000 85.000 2.000 2.000 3.000 2.000 2208.000 0.000 0.000 2.000
2.000 1.000 530334.000 38.300 40.000 24.000 1.000 1.000 3.000 1.000 3.000 3.000 1.000 2.000 1.000 5.500 1.000 1.000 33.000 6.700 2.000 7.000 1.000 2.000 0.000 0.000 0.000 1.000
1.000 9.000 5290409.000 39.100 164.000 84.000 4.000 1.000 6.000 2.000 2.000 4.000 4.000 1.000 2.000 5.000 3.000 4.000 48.000 7.200 3.000 5.300 2.000 1.000 2208.000 0.000 0.000 1.000
2.000 1.000 530255.000 37.300 104.000 35.000 3.000 3.000 6.000 2.000 2.000 4.000 3.000 1.000 2.000 4.000 3.000 5.000 74.000 7.400 2.000 2.600 2.000 2.000 4300.000 0.000 0.000 2.000
2.000 1.000 528355.000 37.800 40.000 12.000 2.000 1.000 3.000 1.000 2.000 3.000 2.000 2.000 1.000 5.000 3.000 3.000 44.000 7.500 2.000 5.000 1.000 2.000 0.000 0.000 0.000 2.000
1.000 1.000 526802.000 37.900 48.000 16.000 1.000 1.000 1.000 1.000 3.000 3.000 3.000 1.000 1.000 5.000 3.000 5.000 37.000 7.000 3.000 10.000 1.000 1.000 3124.000 0.000 0.000 2.000
1.000 1.000 529607.000 38.200 60.000 28.000 3.000 1.000 1.000 1.000 3.000 4.000 2.000 2.000 1.000 7.000 3.000 4.000 44.000 8.300 2.000 6.600 2.000 1.000 2208.000 0.000 0.000 2.000
2.000 1.000 530051.000 39.500 80.000 36.000 3.000 4.000 3.000 1.000 4.000 4.000 4.000 2.000 1.000 4.500 3.000 5.000 38.000 6.200 1.000 3.600 3.000 1.000 3205.000 0.000 0.000 2.000
2.000 9.000 5299629.000 38.300 90.000 36.000 1.000 3.000 1.000 1.000 5.000 3.000 1.000 2.000 1.000 3.000 3.000 5.000 40.000 6.200 1.000 2.200 1.000 2.000 0.000 0.000 0.000 1.000
1.000 1.000 528548.000 38.100 66.000 12.000 3.000 3.000 5.000 1.000 3.000 3.000 1.000 2.000 1.000 3.000 2.000 5.000 44.000 6.000 2.000 3.600 1.000 1.000 2124.000 0.000 0.000 1.000
2.000 1.000 527927.000 39.100 72.000 52.000 2.000 1.000 2.000 1.000 2.000 1.000 2.000 1.000 1.000 5.400 4.000 4.000 50.000 7.800 3.000 3.900 1.000 1.000 2111.000 0.000 0.000 2.000
1.000 1.000 528031.000 37.200 42.000 12.000 2.000 1.000 1.000 1.000 3.000 3.000 3.000 3.000 1.000 5.300 4.000 5.000 35.000 7.000 2.000 1.000 1.000 2.000 4124.000 0.000 0.000 2.000
2.000 9.000 5291329.000 38.000 92.000 28.000 1.000 1.000 2.000 1.000 1.000 3.000 2.000 3.000 1.000 7.200 1.000 1.000 37.000 6.100 1.000 5.300 2.000 2.000 0.000 0.000 0.000 1.000
1.000 1.000 534917.000 38.200 76.000 28.000 3.000 1.000 1.000 1.000 3.000 4.000 1.000 2.000 2.000 2.000 4.000 4.000 46.000 81.000 1.000 2.000 1.000 1.000 2112.000 0.000 0.000 2.000
1.000 1.000 530233.000 37.600 96.000 48.000 3.000 1.000 4.000 1.000 5.000 3.000 3.000 2.000 3.000 4.500 4.000 5.000 45.000 6.800 2.000 4.100 2.000 1.000 3207.000 0.000 0.000 2.000
1.000 9.000 5301219.000 37.700 128.000 36.000 3.000 3.000 4.000 2.000 4.000 4.000 3.000 3.000 1.000 3.000 4.000 5.000 53.000 7.800 3.000 4.700 2.000 2.000 1400.000 0.000 0.000 1.000
2.000 1.000 526639.000 37.500 48.000 24.000 1.000 1.000 1.000 1.000 3.000 1.000 1.000 2.000 1.000 5.000 2.000 1.000 43.000 5.900 1.000 5.000 1.000 2.000 0.000 0.000 0.000 2.000
1.000 1.000 5290481.000 37.600 64.000 21.000 1.000 1.000 2.000 1.000 2.000 3.000 1.000 1.000 1.000 5.500 2.000 5.000 40.000 7.000 1.000 5.300 1.000 1.000 4205.000 0.000 0.000 1.000
2.000 1.000 532110.000 39.400 110.000 35.000 4.000 3.000 6.000 1.000 1.000 3.000 3.000 1.000 1.000 5.500 1.000 1.000 55.000 8.700 3.000 2.600 1.000 2.000 0.000 0.000 0.000 2.000
1.000 1.000 530157.000 39.900 72.000 60.000 1.000 1.000 5.000 2.000 5.000 4.000 4.000 3.000 1.000 6.500 4.000 4.000 46.000 6.100 2.000 7.400 1.000 1.000 2111.000 0.000 0.000 2.000
2.000 1.000 529340.000 38.400 48.000 16.000 1.000 1.000 1.000 1.000 1.000 3.000 1.000 2.000 3.000 5.500 4.000 3.000 49.000 6.800 2.000 7.000 1.000 2.000 0.000 0.000 0.000 2.000
1.000 1.000 521681.000 38.600 42.000 34.000 2.000 1.000 4.000 2.000 2.000 3.000 1.000 1.000 2.000 4.300 1.000 5.000 48.000 7.200 2.000 2.800 1.000 1.000 3111.000 0.000 0.000 2.000
1.000 9.000 534998.000 38.300 130.000 60.000 2.000 3.000 1.000 1.000 2.000 4.000 1.000 1.000 1.000 2.000 4.000 5.000 50.000 70.000 2.000 2.000 1.000 1.000 3111.000 0.000 0.000 2.000
1.000 1.000 533692.000 38.100 60.000 12.000 3.000 3.000 3.000 1.000 4.000 4.000 3.000 3.000 2.000 2.000 4.000 5.000 51.000 65.000 3.000 2.000 1.000 1.000 3111.000 0.000 0.000 2.000
2.000 1.000 529518.000 37.800 60.000 42.000 1.000 1.000 1.000 1.000 1.000 2.000 1.000 2.000 3.000 5.500 1.000 1.000 46.000 5.900 2.000 7.000 1.000 2.000 0.000 0.000 0.000 2.000
1.000 1.000 530526.000 38.300 72.000 30.000 4.000 3.000 3.000 2.000 3.000 3.000 3.000 2.000 1.000 6.500 3.000 5.000 43.000 7.000 2.000 3.900 1.000 1.000 3111.000 0.000 0.000 1.000
1.000 1.000 528653.000 37.800 48.000 12.000 3.000 1.000 1.000 1.000 5.000 3.000 2.000 1.000 1.000 5.300 1.000 3.000 37.000 5.500 2.000 1.300 1.000 2.000 4122.000 0.000 0.000 1.000
1.000 1.000 5279442.000 38.000 76.000 24.000 3.000 3.000 6.000 2.000 5.000 3.000 4.000 1.000 1.000 4.400 1.000 5.000 68.000 7.800 2.000 2.900 2.000 2.000 4300.000 0.000 0.000 2.000
2.000 1.000 535415.000 37.700 48.000 10.000 2.000 1.000 1.000 1.000 1.000 1.000 1.000 1.000 1.000 2.000 1.000 1.000 45.000 76.000 1.000 1.000 1.000 2.000 0.000 0.000 0.000 2.000
2.000 1.000 529475.000 37.700 96.000 30.000 3.000 3.000 4.000 2.000 5.000 4.000 4.000 3.000 2.000 4.000 4.000 5.000 66.000 7.500 3.000 1.400 2.000 1.000 4205.000 0.000 0.000 2.000
2.000 1.000 530242.000 37.200 108.000 12.000 3.000 3.000 4.000 2.000 2.000 4.000 2.000 2.000 3.000 6.000 3.000 3.000 52.000 8.200 3.000 7.400 3.000 1.000 2207.000 0.000 0.000 1.000
1.000 1.000 529427.000 37.200 60.000 28.000 2.000 1.000 1.000 1.000 3.000 3.000 3.000 2.000 1.000 4.000 4.000 5.000 43.000 6.600 3.000 4.300 1.000 1.000 2209.000 0.000 0.000 2.000
1.000 1.000 529663.000 38.200 64.000 28.000 1.000 1.000 1.000 1.000 3.000 1.000 2.000 2.000 1.000 7.000 4.000 4.000 49.000 8.600 2.000 6.600 1.000 1.000 2208.000 0.000 0.000 1.000
1.000 1.000 529796.000 38.500 100.000 30.000 3.000 3.000 4.000 2.000 5.000 4.000 4.000 3.000 3.000 1.500 4.000 4.000 52.000 6.600 2.000 2.300 1.000 1.000 1124.000 0.000 0.000 2.000
2.000 1.000 528812.000 38.900 104.000 24.000 4.000 3.000 3.000 2.000 4.000 4.000 3.000 2.000 3.000 7.000 3.000 2.000 73.000 8.400 3.000 4.500 3.000 1.000 7111.000 0.000 0.000 2.000
2.000 1.000 529493.000 38.300 112.000 16.000 1.000 3.000 5.000 2.000 3.000 3.000 1.000 1.000 2.000 5.500 3.000 5.000 51.000 6.000 2.000 1.000 3.000 2.000 5205.000 0.000 0.000 1.000
1.000 1.000 533847.000 37.800 72.000 70.000 3.000 3.000 3.000 1.000 5.000 3.000 1.000 3.000 1.000 2.000 1.000 1.000 56.000 80.000 1.000 2.000 1.000 1.000 3111.000 0.000 0.000 2.000
2.000 1.000 528996.000 38.600 52.000 20.000 1.000 1.000 1.000 1.000 3.000 3.000 2.000 1.000 1.000 5.500 1.000 3.000 32.000 6.600 1.000 5.000 1.000 2.000 0.000 0.000 0.000 1.000
1.000 9.000 5277409.000 39.200 146.000 96.000 3.000 1.000 1.000 2.000 4.000 3.000 3.000 1.000 3.000 4.400 1.000 5.000 71.000 11.000 2.000 2.900 2.000 1.000 2113.000 0.000 0.000 2.000
1.000 1.000 529498.000 37.700 88.000 30.000 3.000 3.000 6.000 2.000 5.000 3.000 3.000 1.000 3.000 4.000 4.000 5.000 63.000 6.500 3.000 1.400 2.000 1.000 4205.000 0.000 0.000 2.000
2.000 9.000 5288249.000 39.000 150.000 72.000 2.000 1.000 1.000 1.000 4.000 1.000 1.000 1.000 3.000 5.500 1.000 1.000 47.000 8.500 2.000 0.100 1.000 1.000 9400.000 0.000 0.000 1.000
2.000 1.000 530301.000 38.000 60.000 12.000 3.000 1.000 3.000 1.000 3.000 3.000 1.000 1.000 1.000 6.500 2.000 2.000 47.000 7.000 2.000 4.100 1.000 2.000 3111.000 0.000 0.000 2.000
1.000 1.000 534069.000 38.100 120.000 32.000 3.000 4.000 4.000 1.000 4.000 4.000 4.000 1.000 1.000 1.000 4.000 5.000 52.000 67.000 2.000 2.000 3.000 1.000 3205.000 0.000 0.000 2.000
1.000 1.000 535407.000 35.400 140.000 24.000 3.000 3.000 4.000 2.000 4.000 4.000 3.000 2.000 1.000 2.000 4.000 5.000 57.000 69.000 3.000 2.000 3.000 1.000 3205.000 0.000 0.000 2.000
2.000 1.000 529827.000 38.000 120.000 24.000 4.000 3.000 4.000 2.000 5.000 4.000 4.000 1.000 1.000 4.500 4.000 5.000 60.000 6.500 3.000 10.100 2.000 1.000 3205.000 0.000 0.000 2.000
1.000 1.000 529888.000 37.900 60.000 15.000 3.000 1.000 4.000 2.000 5.000 4.000 4.000 2.000 2.000 7.500 4.000 5.000 65.000 7.500 2.000 3.400 1.000 1.000 2305.000 0.000 0.000 1.000
2.000 1.000 529821.000 37.500 48.000 16.000 1.000 1.000 1.000 1.000 1.000 1.000 1.000 1.000 1.000 5.500 1.000 1.000 37.000 6.500 2.000 7.000 1.000 2.000 0.000 0.000 0.000 2.000
1.000 1.000 528890.000 38.900 80.000 44.000 3.000 3.000 3.000 2.000 2.000 3.000 3.000 2.000 2.000 7.000 3.000 1.000 54.000 6.500 3.000 4.500 2.000 1.000 7111.000 0.000 0.000 2.000
2.000 1.000 529642.000 37.200 84.000 48.000 3.000 3.000 5.000 2.000 4.000 1.000 2.000 1.000 2.000 4.000 2.000 1.000 73.000 5.500 2.000 4.100 2.000 2.000 4300.000 0.000 0.000 1.000
2.000 1.000 529766.000 38.600 46.000 24.000 1.000 1.000 2.000 1.000 1.000 3.000 2.000 1.000 1.000 4.500 4.000 2.000 49.000 9.100 1.000 1.600 1.000 2.000 3111.000 0.000 0.000 1.000
1.000 1.000 527706.000 37.400 84.000 36.000 1.000 3.000 3.000 2.000 3.000 3.000 2.000 3.000 3.000 7.000 4.000 5.000 32.000 6.100 3.000 4.300 2.000 1.000 7209.000 0.000 0.000 1.000
2.000 1.000 529483.000 39.200 114.000 23.000 1.000 1.000 3.000 1.000 1.000 3.000 1.000 2.000 1.000 7.000 2.000 2.000 43.000 7.700 1.000 3.000 1.000 2.000 3111.000 0.000 0.000 2.000
2.000 1.000 530544.000 38.600 40.000 20.000 4.000 3.000 3.000 1.000 3.000 3.000 3.000 2.000 1.000 6.500 3.000 5.000 41.000 6.400 2.000 3.900 1.000 2.000 3111.000 0.000 0.000 1.000
2.000 1.000 529461.000 40.300 114.000 36.000 3.000 3.000 1.000 2.000 2.000 3.000 3.000 2.000 1.000 7.000 1.000 5.000 57.000 8.100 3.000 4.500 3.000 1.000 7400.000 0.000 0.000 1.000
1.000 9.000 5282839.000 38.600 160.000 20.000 3.000 3.000 5.000 1.000 3.000 3.000 4.000 3.000 1.000 4.400 4.000 5.000 38.000 7.800 2.000 2.900 2.000 1.000 7111.000 0.000 0.000 1.000
1.000 1.000 528872.000 38.400 54.000 24.000 1.000 1.000 1.000 1.000 1.000 3.000 1.000 2.000 1.000 7.000 3.000 2.000 24.000 6.700 1.000 8.000 1.000 1.000 3112.000 0.000 0.000 2.000
1.000 1.000 529640.000 39.200 64.000 36.000 2.000 1.000 2.000 1.000 5.000 3.000 3.000 2.000 2.000 4.500 4.000 2.000 42.000 7.700 1.000 3.000 2.000 1.000 3209.000 0.000 0.000 2.000
1.000 1.000 528298.000 37.800 44.000 20.000 4.000 3.000 3.000 1.000 5.000 4.000 3.000 2.000 1.000 5.300 4.000 4.000 53.000 5.900 3.000 6.000 2.000 1.000 3205.000 0.000 0.000 1.000
2.000 1.000 528904.000 37.700 96.000 28.000 3.000 3.000 3.000 2.000 5.000 4.000 4.000 1.000 2.000 5.300 4.000 5.000 60.000 7.000 3.000 1.300 2.000 1.000 4205.000 0.000 0.000 2.000
2.000 1.000 530438.000 37.800 48.000 32.000 1.000 1.000 3.000 1.000 2.000 1.000 3.000 1.000 1.000 4.000 4.000 5.000 37.000 6.700 2.000 4.400 1.000 2.000 2124.000 0.000 0.000 2.000
2.000 1.000 527957.000 38.500 60.000 18.000 2.000 2.000 1.000 1.000 1.000 2.000 2.000 2.000 1.000 5.000 1.000 1.000 44.000 7.700 1.000 5.000 1.000 2.000 0.000 0.000 0.000 2.000
1.000 1.000 528630.000 37.800 88.000 22.000 2.000 1.000 2.000 1.000 3.000 4.000 3.000 2.000 1.000 7.000 4.000 5.000 64.000 8.000 1.000 6.000 2.000 1.000 3205.000 0.000 0.000 1.000
2.000 1.000 534293.000 38.200 130.000 16.000 4.000 3.000 4.000 2.000 2.000 4.000 4.000 1.000 1.000 1.000 1.000 1.000 65.000 82.000 2.000 2.000 3.000 2.000 2209.000 1400.000 0.000 2.000
1.000 1.000 529667.000 39.000 64.000 36.000 3.000 1.000 4.000 2.000 3.000 3.000 2.000 1.000 2.000 7.000 4.000 5.000 44.000 7.500 3.000 5.000 1.000 1.000 2113.000 0.000 0.000 1.000
1.000 1.000 534885.000 39.200 60.000 36.000 3.000 1.000 3.000 1.000 3.000 3.000 2.000 1.000 1.000 2.000 3.000 4.000 26.000 72.000 2.000 1.000 1.000 1.000 2208.000 0.000 0.000 2.000
2.000 1.000 534784.000 37.900 72.000 20.000 1.000 1.000 5.000 2.000 3.000 3.000 1.000 1.000 3.000 2.000 3.000 4.000 58.000 74.000 1.000 2.000 1.000 1.000 2322.000 0.000 0.000 2.000
2.000 1.000 528931.000 38.400 54.000 24.000 1.000 1.000 1.000 1.000 1.000 3.000 1.000 2.000 1.000 7.000 3.000 2.000 49.000 7.200 1.000 8.000 1.000 2.000 3111.000 0.000 0.000 1.000
2.000 1.000 529777.000 38.700 52.000 16.000 1.000 3.000 3.000 1.000 3.000 4.000 3.000 2.000 3.000 5.500 4.000 4.000 55.000 7.200 2.000 3.400 1.000 2.000 2124.000 0.000 0.000 2.000
2.000 1.000 530276.000 38.000 48.000 12.000 1.000 1.000 1.000 1.000 1.000 3.000 1.000 1.000 1.000 6.500 3.000 2.000 42.000 6.300 2.000 4.100 1.000 2.000 3111.000 0.000 0.000 1.000
2.000 1.000 528214.000 37.000 60.000 20.000 3.000 1.000 3.000 1.000 3.000 3.000 3.000 2.000 2.000 4.500 4.000 4.000 43.000 7.600 2.000 1.600 3.000 1.000 2209.000 0.000 0.000 1.000
1.000 1.000 529424.000 37.800 48.000 28.000 1.000 1.000 1.000 1.000 1.000 2.000 1.000 2.000 3.000 5.500 1.000 1.000 46.000 5.900 2.000 7.000 1.000 2.000 0.000 0.000 0.000 1.000
1.000 1.000 5299253.000 37.700 56.000 40.000 3.000 3.000 2.000 1.000 3.000 3.000 3.000 1.000 1.000 3.000 4.000 5.000 36.000 6.600 2.000 2.800 2.000 1.000 2113.000 0.000 0.000 2.000
1.000 1.000 528469.000 38.100 52.000 24.000 1.000 1.000 5.000 1.000 4.000 3.000 1.000 2.000 3.000 7.000 1.000 5.000 54.000 7.500 2.000 2.600 2.000 1.000 2112.000 0.000 0.000 1.000
1.000 9.000 5292929.000 38.200 124.000 88.000 1.000 3.000 2.000 1.000 2.000 3.000 4.000 1.000 3.000 5.500 2.000 1.000 37.000 4.900 1.000 0.100 2.000 1.000 11124.000 0.000 0.000 2.000
1.000 9.000 534092.000 39.700 100.000 40.000 3.000 3.000 5.000 2.000 2.000 3.000 4.000 3.000 2.000 2.000 4.000 5.000 48.000 57.000 2.000 2.000 3.000 1.000 1400.000 0.000 0.000 2.000
1.000 1.000 534615.000 37.600 38.000 20.000 3.000 3.000 1.000 1.000 3.000 3.000 2.000 2.000 1.000 2.000 3.000 5.000 37.000 68.000 2.000 1.000 1.000 1.000 3205.000 0.000 0.000 2.000
2.000 1.000 534753.000 38.700 52.000 20.000 2.000 1.000 1.000 1.000 1.000 1.000 1.000 1.000 1.000 2.000 1.000 1.000 33.000 77.000 1.000 1.000 1.000 2.000 0.000 0.000 0.000 2.000
1.000 1.000 530693.000 38.600 40.000 20.000 3.000 3.000 3.000 3.000 5.000 3.000 3.000 3.000 2.000 6.500 4.000 5.000 46.000 5.900 2.000 3.900 2.000 1.000 3025.000 0.000 0.000 2.000
1.000 1.000 527463.000 37.500 96.000 18.000 1.000 3.000 6.000 2.000 3.000 4.000 2.000 2.000 3.000 5.000 4.000 4.000 69.000 8.900 3.000 3.600 1.000 1.000 2208.000 0.000 0.000 1.000
1.000 1.000 527518.000 36.400 98.000 35.000 3.000 3.000 4.000 1.000 4.000 3.000 2.000 2.000 3.000 5.000 4.000 4.000 47.000 6.400 3.000 3.600 2.000 1.000 2205.000 0.000 0.000 1.000
1.000 1.000 534756.000 37.300 40.000 16.000 3.000 3.000 1.000 1.000 2.000 3.000 2.000 3.000 1.000 2.000 3.000 5.000 36.000 75.000 3.000 2.000 1.000 1.000 3111.000 0.000 0.000 2.000
1.000 9.000 5290759.000 38.100 100.000 80.000 3.000 1.000 2.000 1.000 3.000 4.000 1.000 1.000 2.000 5.000 1.000 4.000 36.000 5.700 3.000 5.300 1.000 1.000 3111.000 0.000 0.000 2.000
1.000 1.000 5279822.000 38.000 76.000 24.000 3.000 3.000 6.000 2.000 5.000 3.000 4.000 1.000 1.000 4.400 1.000 5.000 68.000 7.800 2.000 2.900 2.000 1.000 3205.000 0.000 0.000 2.000
1.000 1.000 529849.000 37.800 60.000 80.000 1.000 3.000 2.000 2.000 2.000 3.000 3.000 1.000 2.000 5.500 4.000 5.000 40.000 4.500 2.000 2.300 1.000 1.000 5206.000 0.000 0.000 1.000
2.000 1.000 529304.000 38.000 54.000 30.000 2.000 3.000 3.000 3.000 3.000 1.000 2.000 2.000 2.000 5.500 2.000 4.000 45.000 6.200 2.000 2.300 1.000 2.000 400.000 0.000 0.000 2.000
1.000 1.000 529388.000 37.700 88.000 40.000 3.000 3.000 4.000 2.000 5.000 4.000 3.000 3.000 2.000 4.000 4.000 5.000 50.000 7.700 3.000 1.400 2.000 1.000 4205.000 0.000 0.000 1.000
2.000 1.000 528006.000 39.100 40.000 16.000 2.000 1.000 2.000 1.000 2.000 1.000 2.000 1.000 1.000 5.400 4.000 4.000 50.000 7.000 2.000 3.900 3.000 1.000 2208.000 0.000 0.000 1.000
2.000 1.000 529703.000 39.000 64.000 40.000 1.000 1.000 5.000 1.000 3.000 3.000 2.000 2.000 1.000 5.500 3.000 3.000 42.000 7.500 2.000 2.300 1.000 2.000 5000.000 0.000 0.000 1.000
2.000 1.000 535381.000 38.300 42.000 10.000 1.000 1.000 1.000 1.000 1.000 1.000 1.000 1.000 1.000 2.000 1.000 1.000 38.000 61.000 1.000 1.000 1.000 2.000 0.000 0.000 0.000 2.000
2.000 1.000 534197.000 38.000 52.000 16.000 3.000 3.000 3.000 1.000 2.000 3.000 4.000 1.000 3.000 1.000 1.000 1.000 53.000 86.000 3.000 2.000 1.000 1.000 2322.000 0.000 0.000 2.000
2.000 1.000 529461.000 40.300 114.000 36.000 3.000 3.000 1.000 2.000 2.000 3.000 3.000 2.000 1.000 7.000 1.000 5.000 57.000 8.100 3.000 4.500 2.000 1.000 3205.000 0.000 0.000 1.000
2.000 1.000 530251.000 38.800 50.000 20.000 3.000 1.000 1.000 1.000 1.000 1.000 1.000 2.000 1.000 5.500 3.000 1.000 42.000 6.200 2.000 7.000 1.000 2.000 0.000 0.000 0.000 2.000
2.000 1.000 530310.000 38.200 64.000 24.000 3.000 3.000 1.000 1.000 5.000 3.000 3.000 1.000 1.000 6.500 4.000 5.000 38.000 6.500 1.000 2.000 2.000 1.000 3205.000 0.000 0.000 2.000
2.000 1.000 528729.000 37.500 48.000 30.000 4.000 1.000 3.000 1.000 3.000 2.000 1.000 1.000 1.000 5.500 1.000 1.000 48.000 8.600 1.000 5.000 1.000 2.000 0.000 0.000 0.000 2.000
1.000 1.000 535158.000 37.300 48.000 20.000 3.000 1.000 2.000 1.000 3.000 3.000 3.000 2.000 1.000 2.000 3.000 5.000 41.000 69.000 3.000 2.000 1.000 1.000 3205.000 0.000 0.000 2.000
2.000 1.000 530319.000 38.000 84.000 36.000 3.000 1.000 3.000 1.000 3.000 3.000 1.000 2.000 1.000 6.500 3.000 2.000 44.000 8.500 2.000 4.100 1.000 1.000 3111.000 0.000 0.000 2.000
1.000 1.000 534145.000 38.100 88.000 32.000 3.000 3.000 4.000 1.000 2.000 3.000 3.000 1.000 3.000 1.000 4.000 5.000 55.000 60.000 2.000 2.000 3.000 2.000 3205.000 0.000 0.000 2.000
2.000 1.000 534135.000 37.700 44.000 40.000 2.000 1.000 3.000 1.000 1.000 3.000 2.000 1.000 1.000 2.000 1.000 5.000 41.000 60.000 1.000 1.000 1.000 2.000 0.000 0.000 0.000 2.000
2.000 1.000 530002.000 39.600 108.000 51.000 3.000 3.000 6.000 2.000 2.000 4.000 3.000 1.000 2.000 4.000 3.000 5.000 59.000 8.000 2.000 2.600 1.000 2.000 4300.000 0.000 0.000 1.000
1.000 1.000 535364.000 38.200 40.000 16.000 3.000 3.000 1.000 1.000 1.000 3.000 1.000 1.000 1.000 2.000 1.000 1.000 34.000 66.000 1.000 1.000 1.000 2.000 0.000 0.000 0.000 2.000
1.000 1.000 534899.000 39.200 60.000 20.000 4.000 3.000 4.000 2.000 5.000 4.000 1.000 1.000 1.000 2.000 4.000 5.000 39.000 56.000 2.000 2.000 3.000 1.000 3205.000 0.000 0.000 2.000
2.000 1.000 534938.000 38.300 40.000 16.000 3.000 1.000 1.000 1.000 2.000 3.000 2.000 1.000 1.000 2.000 4.000 1.000 37.000 57.000 1.000 1.000 1.000 2.000 0.000 0.000 0.000 2.000
1.000 9.000 5292489.000 38.000 140.000 68.000 1.000 1.000 1.000 1.000 3.000 3.000 2.000 1.000 3.000 5.500 2.000 1.000 39.000 5.300 1.000 5.300 1.000 1.000 7111.000 0.000 0.000 2.000
1.000 1.000 527563.000 37.800 52.000 24.000 1.000 3.000 3.000 1.000 4.000 4.000 1.000 2.000 3.000 5.700 2.000 5.000 48.000 6.600 1.000 3.700 2.000 1.000 5400.000 0.000 0.000 2.000
1.000 1.000 530381.000 38.700 70.000 36.000 1.000 1.000 3.000 2.000 2.000 3.000 2.000 2.000 1.000 6.500 4.000 5.000 36.000 7.300 2.000 3.200 1.000 1.000 31110.000 0.000 0.000 2.000
1.000 1.000 528668.000 38.300 52.000 96.000 1.000 3.000 3.000 1.000 4.000 4.000 3.000 1.000 1.000 7.000 1.000 5.000 43.000 6.100 1.000 3.400 1.000 1.000 3209.000 0.000 0.000 1.000
2.000 1.000 529764.000 37.300 50.000 32.000 1.000 1.000 3.000 1.000 1.000 3.000 2.000 1.000 1.000 5.500 1.000 1.000 44.000 7.000 2.000 7.000 1.000 2.000 0.000 0.000 0.000 2.000
1.000 1.000 533696.000 38.700 60.000 32.000 4.000 3.000 2.000 2.000 4.000 4.000 4.000 3.000 2.000 2.000 4.000 5.000 53.000 64.000 3.000 2.000 3.000 1.000 3205.000 0.000 0.000 2.000
1.000 9.000 5297379.000 38.400 84.000 40.000 3.000 3.000 2.000 1.000 3.000 3.000 3.000 1.000 1.000 3.000 4.000 5.000 36.000 6.600 2.000 2.800 2.000 1.000 2205.000 0.000 0.000 1.000
1.000 1.000 527544.000 36.400 70.000 16.000 3.000 4.000 5.000 2.000 2.000 3.000 2.000 2.000 1.000 5.000 4.000 5.000 60.000 7.500 3.000 3.600 2.000 1.000 2112.000 0.000 0.000 2.000
1.000 1.000 533736.000 38.300 40.000 16.000 3.000 1.000 1.000 1.000 1.000 3.000 2.000 2.000 1.000 1.000 4.000 5.000 38.000 58.000 1.000 2.000 1.000 1.000 3111.000 7111.000 0.000 2.000
1.000 1.000 534963.000 38.300 40.000 60.000 2.000 1.000 1.000 1.000 1.000 3.000 1.000 1.000 1.000 2.000 4.000 5.000 39.000 56.000 2.000 2.000 1.000 1.000 3111.000 0.000 0.000 2.000
1.000 1.000 527933.000 36.800 60.000 28.000 1.000 1.000 3.000 1.000 3.000 1.000 3.000 2.000 1.000 5.300 3.000 3.000 40.000 6.600 2.000 10.000 2.000 1.000 3205.000 0.000 0.000 1.000
1.000 1.000 532349.000 38.400 44.000 24.000 3.000 3.000 4.000 1.000 5.000 4.000 3.000 2.000 1.000 2.000 4.000 5.000 50.000 77.000 3.000 2.000 1.000 1.000 3205.000 0.000 0.000 2.000
2.000 1.000 533723.000 37.900 54.000 40.000 3.000 1.000 1.000 1.000 3.000 3.000 2.000 3.000 1.000 2.000 1.000 2.000 45.000 70.000 3.000 1.000 1.000 2.000 0.000 0.000 0.000 2.000
1.000 1.000 535208.000 38.000 44.000 12.000 1.000 1.000 1.000 1.000 3.000 3.000 3.000 2.000 1.000 1.000 4.000 5.000 42.000 65.000 2.000 2.000 1.000 1.000 3205.000 3111.000 0.000 2.000
2.000 1.000 5290482.000 39.500 64.000 21.000 3.000 3.000 4.000 2.000 3.000 4.000 3.000 1.000 3.000 5.500 4.000 5.000 40.000 6.700 1.000 5.300 3.000 1.000 4205.000 0.000 0.000 2.000
1.000 1.000 533983.000 36.500 78.000 30.000 1.000 1.000 1.000 1.000 5.000 3.000 1.000 2.000 1.000 1.000 4.000 5.000 34.000 75.000 2.000 1.000 1.000 1.000 3112.000 6112.000 0.000 2.000
2.000 1.000 535166.000 38.100 56.000 20.000 2.000 1.000 2.000 1.000 1.000 3.000 1.000 1.000 1.000 2.000 3.000 1.000 46.000 70.000 1.000 1.000 1.000 2.000 0.000 0.000 0.000 2.000
1.000 1.000 528682.000 39.400 54.000 66.000 1.000 1.000 2.000 1.000 2.000 3.000 2.000 1.000 1.000 3.500 3.000 4.000 39.000 6.000 2.000 4.800 1.000 1.000 2206.000 0.000 0.000 1.000
1.000 1.000 534556.000 38.300 80.000 40.000 1.000 1.000 6.000 2.000 4.000 3.000 1.000 1.000 2.000 2.000 1.000 4.000 67.000 10.200 2.000 1.000 3.000 1.000 2208.000 0.000 0.000 2.000
2.000 1.000 534579.000 38.700 40.000 28.000 2.000 1.000 1.000 1.000 3.000 1.000 1.000 2.000 1.000 2.000 1.000 3.000 39.000 62.000 1.000 1.000 1.000 2.000 0.000 0.000 0.000 2.000
1.000 1.000 530360.000 38.200 64.000 24.000 1.000 1.000 3.000 1.000 4.000 4.000 3.000 2.000 1.000 6.500 4.000 4.000 45.000 7.500 1.000 2.000 2.000 1.000 3205.000 0.000 0.000 1.000
2.000 1.000 529840.000 37.600 48.000 20.000 3.000 1.000 4.000 1.000 1.000 1.000 3.000 2.000 1.000 7.500 1.000 1.000 37.000 5.500 2.000 3.400 3.000 1.000 2205.000 0.000 0.000 2.000
1.000 1.000 528461.000 38.000 42.000 68.000 4.000 1.000 1.000 1.000 3.000 3.000 2.000 2.000 2.000 7.000 4.000 4.000 41.000 7.600 2.000 2.600 1.000 1.000 2205.000 0.000 0.000 2.000
1.000 1.000 530384.000 38.700 70.000 36.000 3.000 1.000 3.000 1.000 5.000 4.000 2.000 2.000 1.000 6.500 4.000 5.000 33.000 6.500 2.000 3.200 1.000 1.000 31110.000 0.000 0.000 2.000
1.000 1.000 5262541.000 37.400 50.000 32.000 3.000 3.000 1.000 1.000 4.000 4.000 1.000 2.000 1.000 4.400 1.000 5.000 45.000 7.900 2.000 1.000 1.000 1.000 2208.000 0.000 0.000 1.000
1.000 1.000 535330.000 37.400 84.000 20.000 3.000 3.000 3.000 1.000 2.000 3.000 3.000 1.000 3.000 2.000 4.000 4.000 31.000 61.000 3.000 1.000 3.000 2.000 2208.000 0.000 0.000 2.000
1.000 1.000 527698.000 38.400 49.000 24.000 3.000 2.000 1.000 1.000 4.000 3.000 1.000 2.000 1.000 5.400 4.000 4.000 44.000 7.600 3.000 3.300 1.000 1.000 2206.000 0.000 0.000 2.000
1.000 1.000 528964.000 37.800 30.000 12.000 4.000 4.000 4.000 1.000 2.000 3.000 1.000 2.000 1.000 4.500 4.000 4.000 60.000 6.300 3.000 4.800 2.000 1.000 2113.000 0.000 0.000 2.000
2.000 1.000 530670.000 37.600 88.000 36.000 3.000 1.000 1.000 1.000 3.000 3.000 2.000 1.000 3.000 1.500 4.000 5.000 44.000 6.000 2.000 4.400 2.000 1.000 1400.000 0.000 0.000 2.000
1.000 1.000 534572.000 38.000 48.000 20.000 3.000 1.000 3.000 1.000 4.000 3.000 1.000 2.000 1.000 2.000 3.000 5.000 43.000 73.000 2.000 1.000 1.000 1.000 3111.000 0.000 0.000 2.000
2.000 1.000 530294.000 37.900 40.000 24.000 1.000 1.000 1.000 1.000 2.000 3.000 1.000 2.000 1.000 5.500 4.000 3.000 40.000 5.700 3.000 2.600 1.000 1.000 400.000 0.000 0.000 2.000
1.000 1.000 527524.000 37.200 100.000 12.000 3.000 1.000 4.000 2.000 5.000 4.000 3.000 2.000 1.000 5.300 2.000 5.000 59.000 6.300 2.000 1.000 2.000 1.000 4205.000 0.000 0.000 2.000
1.000 9.000 5287179.000 38.100 136.000 48.000 3.000 3.000 3.000 1.000 5.000 1.000 3.000 2.000 2.000 4.400 2.000 4.000 33.000 4.900 2.000 2.900 2.000 1.000 2205.000 0.000 0.000 1.000
1.000 1.000 530693.000 38.600 40.000 20.000 3.000 3.000 3.000 2.000 5.000 3.000 3.000 3.000 2.000 6.500 4.000 5.000 46.000 5.900 2.000 3.900 2.000 1.000 3025.000 0.000 0.000 2.000
1.000 1.000 534324.000 38.000 48.000 22.000 1.000 1.000 1.000 1.000 1.000 2.000 4.000 2.000 2.000 1.000 4.000 5.000 36.000 65.000 2.000 2.000 1.000 1.000 3111.000 0.000 0.000 2.000
2.000 1.000 532349.000 38.000 56.000 35.000 1.000 2.000 3.000 1.000 1.000 1.000 1.000 1.000 1.000 5.500 1.000 1.000 42.000 71.000 3.000 2.600 1.000 2.000 0.000 0.000 0.000 2.000
2.000 1.000 534491.000 38.000 60.000 32.000 1.000 1.000 1.000 1.000 3.000 3.000 2.000 1.000 1.000 2.000 3.000 3.000 50.000 7.000 1.000 1.000 1.000 2.000 0.000 0.000 0.000 2.000
1.000 1.000 529960.000 38.100 44.000 9.000 3.000 1.000 1.000 1.000 2.000 2.000 1.000 1.000 1.000 5.500 4.000 5.000 31.000 7.300 1.000 2.300 1.000 2.000 5124.000 0.000 0.000 2.000
2.000 1.000 522979.000 36.000 42.000 30.000 3.000 3.000 5.000 1.000 2.000 4.000 2.000 1.000 2.000 4.300 4.000 5.000 64.000 6.800 2.000 2.800 2.000 2.000 1400.000 0.000 0.000 2.000
1.000 1.000 530402.000 37.600 120.000 32.000 4.000 3.000 6.000 2.000 5.000 4.000 4.000 2.000 2.000 6.500 4.000 5.000 57.000 4.500 3.000 3.900 2.000 1.000 3205.000 0.000 0.000 1.000
1.000 1.000 529424.000 37.800 48.000 28.000 1.000 1.000 1.000 2.000 1.000 2.000 1.000 2.000 3.000 5.500 1.000 1.000 46.000 5.900 2.000 7.000 1.000 2.000 0.000 0.000 0.000 1.000
1.000 1.000 534519.000 37.100 84.000 40.000 3.000 3.000 6.000 1.000 2.000 4.000 4.000 3.000 2.000 2.000 4.000 5.000 75.000 81.000 1.000 2.000 3.000 2.000 1400.000 0.000 0.000 2.000
2.000 1.000 535246.000 38.700 80.000 32.000 3.000 3.000 2.000 1.000 2.000 3.000 3.000 2.000 1.000 2.000 3.000 1.000 50.000 80.000 1.000 1.000 1.000 1.000 0.000 0.000 0.000 2.000
1.000 1.000 534115.000 38.200 48.000 32.000 1.000 3.000 3.000 1.000 3.000 4.000 4.000 1.000 3.000 2.000 4.000 5.000 42.000 71.000 2.000 2.000 1.000 1.000 3111.000 0.000 0.000 2.000
2.000 1.000 530001.000 38.000 44.000 12.000 2.000 1.000 3.000 1.000 3.000 4.000 3.000 1.000 2.000 6.500 1.000 4.000 33.000 6.500 2.000 3.400 2.000 1.000 2209.000 0.000 0.000 2.000
1.000 1.000 529272.000 38.300 132.000 28.000 4.000 3.000 6.000 2.000 2.000 4.000 2.000 2.000 3.000 6.200 4.000 4.000 57.000 8.000 3.000 5.200 1.000 1.000 2112.000 0.000 0.000 1.000
2.000 1.000 535314.000 38.700 48.000 24.000 3.000 3.000 1.000 1.000 1.000 1.000 1.000 1.000 1.000 2.000 1.000 1.000 34.000 63.000 1.000 1.000 1.000 2.000 0.000 0.000 0.000 2.000
2.000 1.000 533793.000 38.900 44.000 14.000 3.000 1.000 1.000 1.000 2.000 3.000 2.000 3.000 1.000 2.000 1.000 2.000 33.000 64.000 3.000 1.000 1.000 2.000 0.000 0.000 0.000 2.000
1.000 1.000 529399.000 39.300 60.000 28.000 4.000 3.000 6.000 2.000 4.000 4.000 2.000 1.000 3.000 4.000 4.000 4.000 75.000 6.600 3.000 4.300 2.000 1.000 2207.000 0.000 0.000 1.000
1.000 1.000 533836.000 37.800 100.000 24.000 3.000 3.000 4.000 2.000 2.000 4.000 4.000 2.000 1.000 2.000 1.000 5.000 68.000 64.000 3.000 2.000 1.000 1.000 2209.000 0.000 0.000 2.000
2.000 1.000 528804.000 38.600 48.000 20.000 3.000 1.000 1.000 1.000 1.000 3.000 2.000 2.000 1.000 7.000 3.000 2.000 50.000 7.300 1.000 8.000 1.000 2.000 3111.000 0.000 0.000 1.000
2.000 1.000 535163.000 38.800 48.000 40.000 1.000 1.000 3.000 1.000 3.000 3.000 4.000 2.000 3.000 2.000 3.000 5.000 41.000 65.000 3.000 2.000 1.000 1.000 4124.000 0.000 0.000 2.000
2.000 1.000 528247.000 38.000 48.000 20.000 3.000 3.000 4.000 1.000 1.000 4.000 2.000 2.000 1.000 5.000 3.000 2.000 49.000 8.300 1.000 5.000 1.000 2.000 400.000 0.000 0.000 1.000
2.000 1.000 528996.000 38.600 52.000 20.000 1.000 1.000 1.000 1.000 3.000 3.000 2.000 1.000 1.000 5.500 1.000 3.000 36.000 6.600 1.000 5.000 1.000 2.000 0.000 0.000 0.000 1.000
1.000 1.000 533928.000 37.800 60.000 24.000 1.000 3.000 3.000 2.000 2.000 4.000 4.000 2.000 3.000 2.000 1.000 5.000 52.000 75.000 3.000 2.000 3.000 1.000 2205.000 0.000 0.000 2.000
2.000 1.000 528248.000 38.000 42.000 40.000 3.000 1.000 1.000 1.000 3.000 3.000 1.000 2.000 1.000 5.300 1.000 1.000 35.000 6.300 3.000 6.000 1.000 2.000 3111.000 0.000 0.000 2.000
2.000 1.000 528134.000 37.800 40.000 12.000 1.000 1.000 2.000 1.000 2.000 1.000 2.000 3.000 1.000 5.000 1.000 3.000 44.000 7.500 2.000 5.000 1.000 2.000 0.000 0.000 0.000 1.000
1.000 1.000 527916.000 37.200 42.000 12.000 2.000 1.000 1.000 1.000 4.000 3.000 3.000 1.000 1.000 5.300 4.000 5.000 35.000 58.000 2.000 1.000 1.000 1.000 4205.000 0.000 0.000 2.000
1.000 1.000 530431.000 38.300 42.000 24.000 3.000 3.000 1.000 1.000 2.000 3.000 3.000 2.000 1.000 7.000 1.000 5.000 40.000 8.500 3.000 4.500 2.000 1.000 7113.000 0.000 0.000 2.000
2.000 1.000 535176.000 39.500 60.000 10.000 3.000 1.000 2.000 2.000 3.000 3.000 2.000 2.000 1.000 2.000 3.000 1.000 38.000 56.000 1.000 1.000 1.000 2.000 0.000 0.000 0.000 2.000
1.000 1.000 533942.000 38.000 66.000 20.000 1.000 3.000 3.000 1.000 5.000 3.000 1.000 1.000 1.000 2.000 3.000 1.000 46.000 46.000 3.000 2.000 3.000 1.000 6209.000 0.000 0.000 2.000
1.000 1.000 528523.000 38.700 76.000 20.000 1.000 1.000 5.000 2.000 3.000 3.000 2.000 2.000 2.000 3.500 4.000 4.000 50.000 8.000 3.000 2.600 1.000 1.000 2208.000 0.000 0.000 1.000
1.000 1.000 534925.000 39.400 120.000 48.000 3.000 3.000 5.000 1.000 2.000 3.000 3.000 1.000 2.000 2.000 4.000 5.000 56.000 64.000 1.000 2.000 3.000 2.000 1400.000 0.000 0.000 2.000
1.000 1.000 527916.000 38.300 40.000 18.000 1.000 1.000 1.000 1.000 3.000 1.000 1.000 2.000 1.000 5.000 2.000 1.000 43.000 5.900 1.000 5.000 1.000 2.000 0.000 0.000 0.000 1.000
2.000 1.000 528299.000 37.800 44.000 24.000 1.000 1.000 1.000 1.000 3.000 3.000 1.000 2.000 1.000 5.300 1.000 1.000 35.000 6.300 3.000 6.000 1.000 2.000 3111.000 0.000 0.000 2.000
1.000 1.000 530254.000 38.400 104.000 40.000 1.000 1.000 3.000 1.000 2.000 4.000 2.000 2.000 3.000 6.500 3.000 4.000 55.000 8.500 3.000 7.400 1.000 1.000 2124.000 0.000 0.000 2.000
1.000 1.000 535085.000 39.200 65.000 24.000 4.000 4.000 2.000 2.000 5.000 4.000 4.000 3.000 1.000 2.000 3.000 5.000 41.000 69.000 2.000 2.000 3.000 1.000 3205.000 0.000 0.000 2.000
2.000 1.000 532985.000 37.500 44.000 20.000 1.000 1.000 3.000 1.000 1.000 1.000 1.000 1.000 1.000 5.500 1.000 1.000 35.000 7.200 3.000 2.600 1.000 2.000 0.000 0.000 0.000 2.000
2.000 1.000 527677.000 39.000 86.000 16.000 3.000 3.000 5.000 1.000 3.000 3.000 3.000 2.000 2.000 5.700 2.000 5.000 68.000 5.800 3.000 6.000 2.000 1.000 5400.000 0.000 0.000 1.000
1.000 1.000 535292.000 38.500 129.000 48.000 3.000 3.000 3.000 1.000 2.000 4.000 3.000 1.000 3.000 2.000 4.000 4.000 57.000 66.000 3.000 2.000 1.000 1.000 2206.000 0.000 0.000 2.000
1.000 1.000 529729.000 38.200 104.000 28.000 3.000 3.000 5.000 2.000 2.000 4.000 3.000 2.000 3.000 7.000 4.000 4.000 69.000 8.600 2.000 3.400 2.000 1.000 2207.000 0.000 0.000 1.000
2.000 1.000 518476.000 38.600 42.000 34.000 3.000 4.000 6.000 2.000 4.000 3.000 4.000 1.000 2.000 4.300 1.000 5.000 48.000 7.200 2.000 2.800 2.000 1.000 3400.000 0.000 0.000 1.000
1.000 1.000 527929.000 39.100 40.000 16.000 2.000 1.000 2.000 1.000 2.000 1.000 2.000 1.000 1.000 5.400 4.000 4.000 50.000 7.000 2.000 3.900 1.000 1.000 2208.000 0.000 0.000 2.000
1.000 1.000 535130.000 38.200 60.000 30.000 1.000 1.000 3.000 1.000 3.000 3.000 1.000 2.000 1.000 2.000 3.000 2.000 48.000 66.000 1.000 1.000 1.000 1.000 6112.000 0.000 0.000 2.000
1.000 1.000 523190.000 38.600 68.000 14.000 2.000 1.000 4.000 1.000 4.000 3.000 1.000 1.000 1.000 4.300 1.000 5.000 48.000 7.200 2.000 2.800 2.000 1.000 4205.000 0.000 0.000 1.000
1.000 1.000 533968.000 38.500 60.000 30.000 3.000 3.000 4.000 2.000 5.000 4.000 4.000 1.000 1.000 2.000 4.000 5.000 45.000 70.000 3.000 2.000 1.000 1.000 6111.000 3111.000 0.000 2.000
2.000 1.000 528151.000 38.500 100.000 16.000 3.000 3.000 5.000 2.000 4.000 3.000 4.000 2.000 1.000 5.000 4.000 5.000 60.000 7.500 1.000 5.000 3.000 2.000 1111.000 0.000 0.000 1.000
1.000 1.000 530239.000 38.400 84.000 30.000 3.000 1.000 5.000 2.000 4.000 3.000 3.000 2.000 3.000 6.500 4.000 4.000 47.000 7.500 3.000 7.400 2.000 1.000 2300.000 0.000 0.000 2.000
2.000 1.000 528305.000 37.800 48.000 14.000 1.000 1.000 1.000 1.000 3.000 3.000 2.000 1.000 3.000 5.300 1.000 1.000 35.000 7.500 3.000 6.000 1.000 2.000 3111.000 0.000 0.000 1.000
1.000 1.000 5279822.000 38.000 76.000 24.000 3.000 3.000 6.000 2.000 5.000 3.000 4.000 1.000 1.000 4.400 1.000 5.000 68.000 7.800 2.000 2.900 2.000 1.000 2205.000 0.000 0.000 2.000
2.000 1.000 534857.000 37.800 56.000 16.000 1.000 1.000 2.000 1.000 2.000 1.000 1.000 2.000 1.000 2.000 1.000 1.000 44.000 68.000 1.000 1.000 1.000 2.000 0.000 0.000 0.000 2.000
2.000 1.000 534053.000 38.200 68.000 32.000 2.000 2.000 2.000 1.000 1.000 1.000 1.000 3.000 1.000 2.000 1.000 1.000 43.000 65.000 1.000 1.000 1.000 2.000 0.000 0.000 0.000 2.000
1.000 1.000 534833.000 38.500 120.000 60.000 4.000 3.000 6.000 2.000 3.000 3.000 3.000 1.000 2.000 2.000 4.000 1.000 54.000 74.000 1.000 2.000 1.000 1.000 5400.000 0.000 0.000 2.000
1.000 1.000 5278331.000 39.300 64.000 90.000 2.000 3.000 1.000 1.000 3.000 3.000 1.000 1.000 2.000 4.400 4.000 5.000 39.000 6.700 1.000 2.900 1.000 1.000 21110.000 0.000 0.000 2.000
1.000 1.000 527365.000 38.400 80.000 30.000 4.000 3.000 1.000 1.000 3.000 3.000 3.000 3.000 3.000 7.000 4.000 5.000 32.000 6.100 3.000 4.300 1.000 1.000 7209.000 0.000 0.000 1.000
1.000 1.000 533887.000 38.500 60.000 70.000 1.000 1.000 6.000 1.000 5.000 1.000 1.000 2.000 3.000 2.000 3.000 1.000 33.000 53.000 1.000 2.000 1.000 1.000 4111.000 0.000 0.000 2.000
1.000 1.000 5299603.000 38.300 60.000 16.000 3.000 1.000 1.000 1.000 2.000 1.000 1.000 2.000 2.000 3.000 1.000 4.000 30.000 6.000 1.000 3.000 1.000 1.000 31110.000 0.000 0.000 2.000
1.000 1.000 528742.000 37.100 40.000 8.000 3.000 1.000 4.000 1.000 3.000 3.000 1.000 1.000 1.000 7.000 3.000 3.000 23.000 6.700 3.000 8.000 1.000 1.000 3133.000 0.000 0.000 1.000
2.000 9.000 5287279.000 39.000 100.000 44.000 2.000 1.000 1.000 1.000 4.000 1.000 1.000 1.000 3.000 5.500 1.000 1.000 37.000 4.700 2.000 0.100 1.000 2.000 7111.000 0.000 0.000 2.000
1.000 1.000 534788.000 38.200 48.000 18.000 1.000 1.000 1.000 1.000 3.000 3.000 3.000 1.000 2.000 2.000 4.000 1.000 48.000 74.000 1.000 2.000 1.000 1.000 5111.000 0.000 0.000 2.000
1.000 1.000 529373.000 37.500 60.000 48.000 3.000 3.000 4.000 2.000 4.000 3.000 4.000 2.000 1.000 7.000 3.000 5.000 58.000 7.600 3.000 4.500 2.000 1.000 3205.000 0.000 0.000 2.000
2.000 1.000 534163.000 37.900 88.000 24.000 1.000 1.000 2.000 1.000 2.000 2.000 1.000 1.000 1.000 2.000 4.000 1.000 37.000 56.000 1.000 1.000 1.000 2.000 0.000 0.000 0.000 2.000
2.000 1.000 533697.000 38.000 44.000 12.000 3.000 1.000 1.000 1.000 3.000 1.000 2.000 3.000 1.000 2.000 1.000 2.000 42.000 64.000 3.000 1.000 1.000 2.000 0.000 0.000 0.000 2.000
2.000 1.000 529628.000 38.500 60.000 20.000 1.000 1.000 5.000 2.000 2.000 2.000 1.000 2.000 1.000 5.500 2.000 3.000 63.000 7.500 2.000 2.300 3.000 2.000 300.000 0.000 0.000 1.000
2.000 1.000 521399.000 38.500 96.000 36.000 3.000 3.000 5.000 2.000 2.000 4.000 2.000 1.000 2.000 4.300 4.000 5.000 70.000 8.500 2.000 2.800 2.000 1.000 1400.000 0.000 0.000 1.000
2.000 1.000 533885.000 38.300 60.000 20.000 1.000 1.000 1.000 2.000 1.000 3.000 1.000 3.000 1.000 2.000 3.000 2.000 34.000 66.000 3.000 1.000 1.000 2.000 0.000 0.000 0.000 2.000
2.000 1.000 534157.000 38.500 60.000 40.000 3.000 1.000 2.000 1.000 2.000 1.000 2.000 1.000 1.000 2.000 3.000 2.000 49.000 59.000 1.000 1.000 1.000 2.000 0.000 0.000 0.000 2.000
1.000 1.000 528047.000 37.300 48.000 12.000 1.000 1.000 3.000 1.000 3.000 1.000 3.000 2.000 1.000 5.300 3.000 3.000 40.000 6.600 2.000 10.000 1.000 1.000 3205.000 0.000 0.000 1.000
1.000 1.000 528641.000 38.500 86.000 22.000 1.000 1.000 3.000 1.000 4.000 4.000 3.000 2.000 1.000 7.000 3.000 5.000 45.000 7.400 1.000 3.400 2.000 1.000 3209.000 0.000 0.000 1.000
1.000 1.000 534073.000 37.500 48.000 40.000 3.000 3.000 3.000 1.000 2.000 3.000 4.000 1.000 1.000 2.000 1.000 5.000 41.000 55.000 3.000 2.000 3.000 1.000 2208.000 0.000 0.000 2.000
2.000 1.000 529685.000 37.200 36.000 9.000 1.000 1.000 1.000 1.000 2.000 3.000 1.000 2.000 1.000 6.500 4.000 1.000 35.000 5.700 2.000 3.200 1.000 2.000 31110.000 0.000 0.000 2.000
1.000 1.000 529528.000 39.200 114.000 23.000 3.000 1.000 3.000 1.000 4.000 4.000 2.000 2.000 1.000 7.000 2.000 2.000 36.000 6.600 1.000 3.000 1.000 1.000 3115.000 0.000 0.000 1.000
2.000 1.000 528151.000 38.500 100.000 12.000 3.000 3.000 5.000 2.000 4.000 3.000 4.000 2.000 1.000 5.300 4.000 5.000 35.000 7.000 2.000 1.000 3.000 2.000 4124.000 0.000 0.000 2.000
1.000 1.000 535137.000 38.500 96.000 30.000 2.000 3.000 4.000 2.000 4.000 4.000 3.000 2.000 1.000 2.000 3.000 5.000 50.000 65.000 3.000 2.000 1.000 1.000 6111.000 3112.000 0.000 2.000
1.000 1.000 530297.000 37.200 108.000 12.000 3.000 3.000 4.000 2.000 2.000 4.000 2.000 2.000 3.000 6.000 3.000 3.000 45.000 8.700 3.000 7.400 2.000 1.000 2208.000 0.000 0.000 2.000
1.000 1.000 535338.000 37.800 88.000 80.000 3.000 3.000 5.000 2.000 4.000 3.000 3.000 2.000 3.000 2.000 4.000 5.000 64.000 89.000 3.000 2.000 3.000 1.000 3205.000 0.000 0.000 2.000
2.000 1.000 534478.000 37.500 44.000 10.000 3.000 1.000 1.000 1.000 3.000 1.000 2.000 2.000 1.000 2.000 3.000 3.000 43.000 51.000 1.000 1.000 1.000 2.000 0.000 0.000 0.000 2.000
1.000 1.000 530401.000 37.900 68.000 20.000 3.000 1.000 2.000 1.000 2.000 4.000 2.000 1.000 1.000 5.500 1.000 5.000 45.000 4.000 3.000 2.800 2.000 1.000 5400.000 0.000 0.000 1.000
1.000 1.000 529893.000 38.000 86.000 24.000 4.000 3.000 4.000 1.000 2.000 4.000 4.000 1.000 1.000 4.500 4.000 5.000 45.000 5.500 1.000 10.100 2.000 1.000 3111.000 0.000 0.000 1.000
1.000 9.000 5294369.000 38.900 120.000 30.000 1.000 3.000 2.000 2.000 3.000 3.000 3.000 3.000 1.000 3.000 4.000 4.000 47.000 6.300 1.000 2.800 1.000 2.000 2124.000 0.000 0.000 2.000
1.000 1.000 528183.000 37.600 45.000 12.000 3.000 1.000 3.000 1.000 3.000 2.000 2.000 2.000 1.000 4.500 1.000 4.000 39.000 7.000 2.000 1.500 1.000 1.000 2112.000 0.000 0.000 1.000
2.000 1.000 529183.000 38.600 56.000 32.000 2.000 1.000 1.000 1.000 1.000 1.000 1.000 2.000 1.000 5.500 2.000 3.000 40.000 7.000 2.000 2.100 1.000 2.000 0.000 0.000 0.000 1.000
1.000 1.000 529135.000 37.800 40.000 12.000 1.000 1.000 1.000 1.000 1.000 2.000 1.000 2.000 1.000 7.000 1.000 2.000 38.000 7.000 1.000 8.000 1.000 1.000 3111.000 0.000 0.000 2.000
2.000 1.000 528977.000 38.600 52.000 20.000 1.000 1.000 1.000 1.000 3.000 3.000 2.000 1.000 1.000 5.500 1.000 3.000 36.000 6.600 1.000 5.000 1.000 2.000 0.000 0.000 0.000 2.000
1.000 1.000 5279441.000 38.000 76.000 18.000 3.000 3.000 6.000 2.000 5.000 3.000 4.000 1.000 1.000 4.400 1.000 5.000 71.000 11.000 2.000 2.900 1.000 1.000 2209.000 0.000 0.000 1.000
1.000 1.000 535240.000 38.100 40.000 36.000 1.000 2.000 2.000 1.000 2.000 2.000 3.000 2.000 2.000 2.000 1.000 5.000 65.000 50.000 3.000 2.000 3.000 1.000 3112.000 0.000 0.000 2.000
1.000 1.000 529736.000 38.700 52.000 28.000 3.000 3.000 4.000 1.000 3.000 4.000 3.000 2.000 1.000 5.500 4.000 4.000 37.000 8.100 2.000 3.400 1.000 1.000 2111.000 0.000 0.000 2.000
1.000 1.000 535029.000 39.200 88.000 58.000 4.000 4.000 2.000 2.000 5.000 4.000 4.000 3.000 1.000 2.000 3.000 5.000 41.000 69.000 2.000 2.000 3.000 2.000 3205.000 0.000 0.000 2.000
1.000 1.000 535031.000 38.500 92.000 40.000 4.000 3.000 6.000 1.000 2.000 4.000 3.000 1.000 3.000 2.000 4.000 4.000 46.000 67.000 2.000 2.000 1.000 1.000 2208.000 0.000 0.000 2.000
1.000 1.000 528800.000 36.100 112.000 13.000 4.000 4.000 4.000 1.000 2.000 3.000 1.000 2.000 1.000 4.500 4.000 4.000 60.000 6.300 3.000 4.800 1.000 1.000 2205.000 0.000 0.000 1.000
1.000 1.000 528178.000 37.700 66.000 12.000 1.000 1.000 3.000 1.000 3.000 3.000 2.000 2.000 2.000 4.500 4.000 4.000 31.500 6.200 2.000 1.600 1.000 1.000 2208.000 0.000 0.000 1.000
1.000 1.000 535392.000 38.800 50.000 14.000 1.000 1.000 1.000 1.000 3.000 1.000 1.000 1.000 1.000 2.000 3.000 5.000 38.000 58.000 3.000 2.000 1.000 1.000 3111.000 0.000 0.000 2.000
2.000 1.000 528931.000 38.400 54.000 24.000 1.000 1.000 1.000 1.000 1.000 3.000 1.000 2.000 1.000 7.000 3.000 2.000 49.000 7.200 1.000 8.000 1.000 2.000 3111.000 0.000 0.000 1.000
1.000 1.000 528503.000 39.200 120.000 20.000 4.000 3.000 5.000 2.000 2.000 3.000 3.000 1.000 3.000 3.500 4.000 4.000 60.000 8.800 3.000 2.600 2.000 1.000 2205.000 0.000 0.000 2.000
1.000 9.000 5289419.000 39.000 150.000 72.000 2.000 1.000 1.000 1.000 4.000 1.000 1.000 1.000 3.000 5.500 1.000 1.000 45.000 6.500 2.000 0.100 1.000 1.000 9000.000 0.000 0.000 1.000
1.000 1.000 535196.000 37.300 90.000 40.000 3.000 1.000 6.000 2.000 5.000 4.000 3.000 2.000 2.000 2.000 1.000 5.000 65.000 50.000 3.000 2.000 3.000 1.000 3205.000 0.000 0.000 2.000
1.000 9.000 534597.000 38.500 120.000 70.000 1.000 1.000 1.000 1.000 3.000 1.000 3.000 2.000 1.000 1.000 1.000 5.000 35.000 54.000 1.000 1.000 1.000 1.000 4205.000 3111.000 2209.000 2.000
1.000 1.000 534280.000 38.500 104.000 40.000 3.000 3.000 3.000 1.000 4.000 3.000 4.000 1.000 3.000 1.000 1.000 1.000 53.000 86.000 3.000 2.000 1.000 1.000 2124.000 0.000 0.000 2.000
2.000 1.000 530028.000 39.500 92.000 28.000 3.000 3.000 6.000 1.000 5.000 4.000 1.000 2.000 3.000 4.500 4.000 5.000 72.000 6.400 1.000 3.600 2.000 2.000 3300.000 0.000 0.000 2.000
1.000 1.000 5262543.000 38.500 30.000 18.000 3.000 3.000 1.000 1.000 4.000 4.000 1.000 2.000 1.000 4.400 1.000 5.000 40.000 7.700 2.000 1.000 1.000 1.000 2113.000 0.000 0.000 2.000
1.000 1.000 530526.000 38.300 72.000 30.000 4.000 3.000 3.000 2.000 3.000 3.000 3.000 2.000 1.000 6.500 3.000 5.000 43.000 7.000 2.000 3.900 1.000 1.000 3113.000 0.000 0.000 1.000
2.000 1.000 528729.000 37.500 48.000 30.000 4.000 1.000 3.000 1.000 3.000 2.000 1.000 1.000 1.000 5.500 1.000 1.000 48.000 8.600 1.000 5.000 1.000 2.000 400.000 0.000 0.000 2.000
1.000 1.000 528469.000 38.100 52.000 24.000 1.000 1.000 5.000 1.000 4.000 3.000 1.000 2.000 3.000 7.000 1.000 4.000 54.000 7.500 2.000 2.600 2.000 1.000 2206.000 0.000 0.000 1.000
2.000 1.000 528179.000 38.200 42.000 26.000 1.000 1.000 1.000 1.000 3.000 1.000 2.000 2.000 1.000 5.300 1.000 2.000 36.000 6.900 3.000 6.000 1.000 2.000 3111.000 0.000 0.000 2.000
2.000 1.000 533750.000 37.900 54.000 42.000 2.000 1.000 5.000 1.000 3.000 1.000 1.000 3.000 1.000 2.000 1.000 2.000 47.000 54.000 3.000 1.000 1.000 2.000 0.000 0.000 0.000 2.000
2.000 1.000 528702.000 36.100 88.000 66.000 3.000 3.000 3.000 1.000 3.000 3.000 2.000 2.000 3.000 3.500 3.000 4.000 45.000 7.000 3.000 4.800 3.000 1.000 2209.000 0.000 0.000 1.000
1.000 1.000 534183.000 38.100 70.000 22.000 3.000 1.000 4.000 1.000 5.000 3.000 3.000 1.000 3.000 1.000 4.000 5.000 36.000 65.000 2.000 2.000 3.000 1.000 3205.000 0.000 0.000 2.000
1.000 1.000 529160.000 38.000 90.000 30.000 4.000 3.000 4.000 2.000 5.000 4.000 4.000 2.000 1.000 7.000 4.000 5.000 55.000 6.100 1.000 8.000 2.000 1.000 3205.000 0.000 0.000 2.000
1.000 1.000 529045.000 38.200 52.000 16.000 1.000 1.000 2.000 1.000 1.000 2.000 1.000 1.000 1.000 5.500 1.000 3.000 43.000 8.100 1.000 5.000 1.000 2.000 0.000 0.000 0.000 1.000
1.000 1.000 530354.000 37.200 36.000 32.000 1.000 1.000 4.000 1.000 5.000 3.000 3.000 2.000 3.000 4.000 3.000 4.000 41.000 5.900 3.000 7.400 2.000 1.000 2205.000 0.000 0.000 2.000
1.000 1.000 5281091.000 38.400 92.000 20.000 1.000 3.000 6.000 2.000 5.000 3.000 3.000 1.000 1.000 4.400 1.000 5.000 68.000 7.800 2.000 2.900 1.000 1.000 2208.000 0.000 0.000 1.000
1.000 9.000 5291409.000 38.200 124.000 88.000 1.000 3.000 2.000 1.000 2.000 3.000 4.000 1.000 3.000 5.500 1.000 1.000 47.000 8.000 1.000 0.100 1.000 1.000 9400.000 0.000 0.000 1.000
2.000 1.000 528904.000 37.200 96.000 9.000 3.000 3.000 3.000 2.000 5.000 4.000 4.000 2.000 1.000 6.500 4.000 5.000 60.000 5.700 2.000 3.200 2.000 1.000 41110.000 0.000 0.000 2.000
1.000 1.000 530366.000 37.600 68.000 32.000 3.000 1.000 3.000 1.000 4.000 2.000 4.000 2.000 2.000 6.500 1.000 5.000 47.000 7.200 1.000 2.000 1.000 1.000 3209.000 0.000 0.000 2.000
1.000 1.000 530170.000 38.100 88.000 24.000 3.000 3.000 4.000 1.000 5.000 4.000 3.000 2.000 1.000 6.000 3.000 4.000 41.000 4.600 3.000 7.400 2.000 1.000 2209.000 0.000 0.000 2.000
1.000 1.000 527709.000 38.000 108.000 60.000 2.000 3.000 4.000 1.000 4.000 3.000 3.000 2.000 1.000 5.400 3.000 4.000 44.000 7.600 3.000 3.300 1.000 1.000 2205.000 0.000 0.000 2.000
2.000 1.000 528169.000 38.200 48.000 26.000 2.000 1.000 1.000 2.000 3.000 3.000 1.000 2.000 1.000 5.300 1.000 2.000 34.000 6.600 3.000 6.000 1.000 2.000 3111.000 0.000 0.000 2.000
1.000 1.000 535043.000 39.300 100.000 51.000 4.000 4.000 6.000 1.000 2.000 4.000 1.000 1.000 3.000 2.000 4.000 4.000 66.000 13.000 3.000 2.000 3.000 1.000 2113.000 0.000 0.000 2.000
2.000 1.000 527940.000 36.600 42.000 18.000 3.000 3.000 2.000 1.000 1.000 4.000 1.000 1.000 1.000 5.700 2.000 5.000 52.000 7.100 3.000 6.000 2.000 1.000 5111.000 0.000 0.000 2.000
1.000 9.000 5291719.000 38.800 124.000 36.000 3.000 1.000 2.000 1.000 2.000 3.000 4.000 1.000 1.000 5.000 4.000 4.000 50.000 7.600 3.000 5.300 2.000 1.000 2208.000 0.000 0.000 1.000
2.000 1.000 530561.000 37.900 112.000 24.000 3.000 3.000 4.000 2.000 5.000 4.000 2.000 2.000 1.000 5.500 4.000 3.000 40.000 5.300 3.000 2.600 1.000 2.000 400.000 0.000 0.000 1.000
1.000 1.000 533738.000 38.100 80.000 12.000 3.000 3.000 3.000 1.000 4.000 4.000 4.000 3.000 2.000 2.000 4.000 5.000 43.000 70.000 3.000 2.000 1.000 1.000 3111.000 0.000 0.000 2.000
1.000 9.000 5294539.000 38.800 184.000 84.000 1.000 1.000 1.000 1.000 4.000 1.000 3.000 1.000 3.000 5.500 2.000 1.000 33.000 3.300 1.000 5.300 2.000 1.000 7111.000 0.000 0.000 2.000
1.000 1.000 533871.000 37.500 72.000 20.000 2.000 1.000 1.000 1.000 2.000 1.000 1.000 1.000 1.000 2.000 1.000 1.000 35.000 65.000 2.000 2.000 3.000 1.000 7209.000 0.000 0.000 2.000
1.000 1.000 529812.000 38.700 96.000 28.000 3.000 3.000 4.000 1.000 1.000 4.000 3.000 2.000 3.000 7.500 1.000 1.000 64.000 9.000 2.000 3.400 2.000 1.000 2205.000 0.000 0.000 1.000
2.000 1.000 534719.000 37.500 52.000 12.000 1.000 1.000 1.000 1.000 2.000 3.000 2.000 2.000 1.000 2.000 3.000 5.000 36.000 61.000 1.000 1.000 1.000 2.000 0.000 0.000 0.000 2.000
1.000 1.000 527734.000 40.800 72.000 42.000 3.000 3.000 1.000 1.000 2.000 3.000 1.000 2.000 1.000 5.000 4.000 4.000 54.000 7.400 3.000 3.200 2.000 1.000 11400.000 0.000 0.000 1.000
2.000 1.000 534933.000 38.000 40.000 25.000 3.000 1.000 1.000 1.000 4.000 3.000 2.000 1.000 1.000 2.000 4.000 1.000 37.000 69.000 1.000 1.000 1.000 2.000 0.000 0.000 0.000 2.000
2.000 1.000 529296.000 38.400 48.000 16.000 2.000 1.000 1.000 1.000 1.000 3.000 2.000 2.000 1.000 7.000 3.000 2.000 39.000 6.500 3.000 4.500 1.000 2.000 3111.000 0.000 0.000 1.000
2.000 9.000 5305629.000 38.600 88.000 28.000 3.000 3.000 4.000 1.000 4.000 4.000 3.000 3.000 1.000 3.000 4.000 5.000 35.000 5.900 3.000 4.700 1.000 2.000 0.000 0.000 0.000 2.000
1.000 1.000 528743.000 37.100 75.000 36.000 3.000 3.000 3.000 2.000 4.000 4.000 2.000 2.000 3.000 5.000 4.000 4.000 48.000 7.400 3.000 3.200 2.000 1.000 12208.000 0.000 0.000 1.000
1.000 1.000 530478.000 38.300 44.000 21.000 3.000 1.000 2.000 1.000 3.000 3.000 3.000 2.000 1.000 4.000 1.000 5.000 44.000 6.500 2.000 4.400 1.000 1.000 2209.000 0.000 0.000 1.000
2.000 1.000 528590.000 36.600 56.000 68.000 3.000 1.000 1.000 1.000 3.000 3.000 1.000 2.000 1.000 5.700 1.000 5.000 40.000 6.000 3.000 6.000 3.000 1.000 5206.000 0.000 0.000 2.000
2.000 1.000 529865.000 38.600 68.000 20.000 2.000 1.000 3.000 1.000 3.000 3.000 2.000 1.000 1.000 5.500 1.000 5.000 38.000 6.500 1.000 2.300 1.000 2.000 5124.000 0.000 0.000 1.000
2.000 1.000 527829.000 38.300 54.000 18.000 3.000 1.000 2.000 1.000 2.000 3.000 2.000 1.000 3.000 5.400 4.000 4.000 44.000 7.200 3.000 3.900 1.000 2.000 2124.000 0.000 0.000 1.000
1.000 1.000 534403.000 38.200 42.000 20.000 3.000 1.000 1.000 1.000 3.000 3.000 2.000 2.000 1.000 2.000 3.000 3.000 47.000 60.000 1.000 1.000 1.000 2.000 0.000 0.000 0.000 2.000
1.000 1.000 527883.000 39.300 64.000 90.000 2.000 3.000 1.000 1.000 2.000 3.000 1.000 1.000 2.000 6.500 1.000 5.000 39.000 6.700 2.000 3.200 1.000 1.000 31110.000 0.000 0.000 2.000
1.000 1.000 528570.000 37.500 60.000 50.000 3.000 3.000 1.000 1.000 3.000 3.000 2.000 2.000 2.000 3.500 3.000 4.000 35.000 6.500 3.000 2.600 2.000 1.000 2209.000 0.000 0.000 2.000
1.000 1.000 534626.000 37.700 80.000 40.000 3.000 3.000 6.000 1.000 5.000 4.000 1.000 2.000 3.000 2.000 3.000 1.000 50.000 55.000 3.000 2.000 1.000 1.000 4206.000 0.000 0.000 2.000
1.000 1.000 529796.000 38.700 100.000 30.000 3.000 3.000 4.000 2.000 5.000 4.000 4.000 3.000 3.000 5.500 4.000 4.000 52.000 6.600 2.000 3.400 1.000 1.000 2124.000 0.000 0.000 2.000
1.000 1.000 528638.000 37.700 120.000 28.000 3.000 3.000 3.000 1.000 5.000 3.000 3.000 1.000 1.000 5.300 1.000 3.000 65.000 7.000 3.000 1.300 2.000 1.000 4205.000 0.000 0.000 1.000
1.000 1.000 534624.000 37.500 76.000 20.000 2.000 3.000 1.000 1.000 2.000 4.000 4.000 1.000 1.000 2.000 1.000 5.000 35.000 65.000 2.000 2.000 3.000 1.000 11124.000 0.000 0.000 2.000
1.000 9.000 5297159.000 38.800 150.000 50.000 1.000 3.000 6.000 2.000 5.000 3.000 2.000 1.000 1.000 3.000 4.000 5.000 50.000 6.200 2.000 2.800 2.000 1.000 4207.000 0.000 0.000 2.000
1.000 1.000 534787.000 38.000 36.000 16.000 3.000 1.000 1.000 1.000 4.000 2.000 2.000 3.000 3.000 2.000 3.000 5.000 37.000 75.000 2.000 1.000 3.000 2.000 3111.000 0.000 0.000 2.000
2.000 1.000 528620.000 36.900 50.000 40.000 2.000 3.000 3.000 1.000 1.000 3.000 2.000 3.000 1.000 7.000 3.000 5.000 37.500 6.500 1.000 3.400 1.000 2.000 3111.000 0.000 0.000 2.000
2.000 1.000 528019.000 37.800 40.000 16.000 1.000 1.000 1.000 1.000 1.000 1.000 1.000 2.000 1.000 5.000 1.000 1.000 37.000 6.800 1.000 5.000 1.000 2.000 0.000 0.000 0.000 2.000
2.000 1.000 529172.000 38.200 56.000 40.000 4.000 3.000 1.000 1.000 2.000 4.000 3.000 2.000 2.000 7.500 3.000 5.000 47.000 7.200 1.000 2.500 1.000 2.000 8300.000 0.000 0.000 1.000
1.000 1.000 534644.000 38.600 48.000 12.000 2.000 1.000 1.000 1.000 1.000 1.000 1.000 2.000 1.000 2.000 1.000 3.000 36.000 67.000 1.000 1.000 1.000 2.000 0.000 0.000 0.000 2.000
2.000 1.000 530624.000 40.000 78.000 24.000 3.000 3.000 5.000 1.000 2.000 3.000 1.000 1.000 1.000 7.000 4.000 1.000 66.000 6.500 3.000 4.500 2.000 1.000 8400.000 0.000 0.000 1.000
1.000 1.000 527544.000 38.500 70.000 16.000 3.000 4.000 5.000 2.000 2.000 3.000 2.000 2.000 1.000 5.000 4.000 5.000 60.000 7.500 1.000 5.000 2.000 1.000 1400.000 0.000 0.000 2.000
1.000 1.000 527758.000 38.200 72.000 18.000 1.000 1.000 3.000 1.000 3.000 1.000 3.000 2.000 1.000 5.300 3.000 3.000 35.000 6.400 2.000 10.000 1.000 1.000 3124.000 0.000 0.000 2.000
2.000 1.000 530439.000 38.500 54.000 24.000 1.000 1.000 1.000 1.000 3.000 1.000 1.000 2.000 1.000 5.500 1.000 1.000 40.000 6.800 2.000 7.000 1.000 2.000 0.000 0.000 0.000 1.000
1.000 1.000 5283431.000 38.500 66.000 24.000 1.000 1.000 1.000 1.000 3.000 3.000 1.000 2.000 1.000 4.400 4.000 5.000 40.000 6.700 1.000 2.900 1.000 1.000 31110.000 0.000 0.000 1.000
2.000 1.000 5275212.000 37.800 82.000 12.000 3.000 1.000 1.000 2.000 4.000 3.000 3.000 1.000 3.000 4.400 1.000 5.000 50.000 7.000 2.000 2.900 3.000 1.000 2205.000 0.000 0.000 2.000
2.000 9.000 5305129.000 39.500 84.000 30.000 3.000 3.000 4.000 1.000 4.000 4.000 3.000 3.000 1.000 3.000 4.000 5.000 28.000 5.000 3.000 4.700 1.000 2.000 0.000 0.000 0.000 2.000
1.000 1.000 529428.000 37.200 60.000 28.000 2.000 1.000 1.000 1.000 3.000 3.000 3.000 2.000 1.000 4.000 4.000 5.000 43.000 6.600 3.000 4.300 1.000 1.000 2124.000 0.000 0.000 2.000
1.000 1.000 529126.000 38.000 50.000 36.000 4.000 1.000 1.000 1.000 3.000 2.000 2.000 2.000 2.000 7.500 3.000 5.000 39.000 6.600 1.000 5.300 1.000 1.000 8400.000 0.000 0.000 1.000
2.000 1.000 535054.000 38.600 45.000 16.000 2.000 1.000 2.000 1.000 1.000 1.000 1.000 1.000 1.000 2.000 1.000 1.000 43.000 58.000 1.000 1.000 1.000 2.000 0.000 0.000 0.000 2.000
1.000 1.000 528890.000 38.900 80.000 44.000 3.000 3.000 3.000 1.000 2.000 3.000 3.000 2.000 2.000 7.000 3.000 1.000 54.000 6.500 3.000 4.500 2.000 1.000 7111.000 0.000 0.000 2.000
1.000 1.000 530034.000 37.000 66.000 20.000 1.000 3.000 2.000 1.000 4.000 3.000 3.000 1.000 1.000 6.500 1.000 5.000 35.000 6.900 2.000 3.200 2.000 1.000 31110.000 0.000 0.000 2.000
1.000 1.000 534004.000 37.500 78.000 24.000 3.000 3.000 3.000 1.000 2.000 3.000 4.000 2.000 1.000 2.000 1.000 4.000 43.000 62.000 3.000 2.000 3.000 2.000 2209.000 0.000 0.000 2.000
2.000 1.000 533902.000 38.500 40.000 16.000 1.000 1.000 1.000 1.000 2.000 1.000 1.000 3.000 1.000 2.000 3.000 2.000 37.000 67.000 3.000 1.000 1.000 2.000 0.000 0.000 0.000 2.000
1.000 1.000 533886.000 37.800 120.000 70.000 4.000 3.000 4.000 2.000 2.000 4.000 1.000 3.000 1.000 2.000 1.000 5.000 55.000 65.000 1.000 2.000 3.000 2.000 3205.000 0.000 0.000 2.000
2.000 1.000 527702.000 37.200 72.000 24.000 3.000 2.000 4.000 2.000 4.000 3.000 3.000 3.000 1.000 5.400 4.000 4.000 44.000 7.600 3.000 3.300 3.000 1.000 2208.000 0.000 0.000 1.000
1.000 1.000 529386.000 37.500 72.000 30.000 4.000 3.000 4.000 1.000 4.000 4.000 3.000 2.000 1.000 7.000 3.000 5.000 60.000 6.800 3.000 4.500 2.000 1.000 3205.000 0.000 0.000 2.000
1.000 1.000 530612.000 36.500 100.000 24.000 3.000 3.000 3.000 1.000 3.000 3.000 3.000 3.000 1.000 4.000 4.000 4.000 50.000 6.000 3.000 3.400 1.000 1.000 2208.000 0.000 0.000 1.000
1.000 1.000 534618.000 37.200 40.000 20.000 1.000 1.000 3.000 1.000 3.000 3.000 1.000 2.000 1.000 2.000 4.000 1.000 36.000 62.000 1.000 1.000 3.000 2.000 6112.000 0.000 0.000 2.000
